st0[k] = 1.800000e+00
st1[k] = 1.800000e+00
st2[k] = 1.800000e+00
st3[k] = 2.744246e-09
st4[k] = 1.800000e+00
st5[k] = 2.744246e-09
